-78.76351613683339,24.83843453140409 -78.76487182578865,24.8521217808203 -79.70871509736423,34.38131224726284 -80.12858788535362,38.62041410762592 -79.7024022683647,38.23678456696459 -78.66701655243257,37.30478561914306 -78.30685212273363,36.98058482676496 -78.25294566473194,36.65581369368811 -78.17137476979907,36.16437216783958 -78.06181088706771,35.504280823350754 -78.02181108657996,34.823985492349856 -77.99788118999598,34.416998539442226 -78.36024999924166,29.378569928711528 -78.76351613683339,24.83843453140409 
-79.43387185,13.163809070561935 -87.15420946849153,37.960597330149994 -83.51754941916761,45.29839920110787 -83.41850141062594,45.498251442597095 -82.43244498795738,43.73191018112492 -80.86595893560431,40.25639631494623 -80.12858788535362,38.62041410762592 -79.97910007611412,37.11116161883464 -78.85176424394469,25.729401333088013 -78.76351613683339,24.83843453140409 -78.76826073061751,24.650241709635626 -78.97707976303789,16.367500396436327 -79.01232544886136,14.969491341905515 -79.02147629752753,14.930293936448797 -79.19568600986777,14.184071484498164 -79.2407786218845,13.990918536525525 -79.43387185,13.163809070561935 
-78.36024999924166,29.378569928711528 -78.00583742700269,34.3063738632959 -77.99788118999598,34.416998539442226 -76.50286787375767,37.155989191082654 -76.0112105504532,38.05674692863232 -75.91561050435965,38.093942641946924 -75.93199909002973,38.03551577260415 -75.96560873780871,37.915694176099805 -76.77447171362479,35.032020602580076 -78.33465640603931,29.46981352691745 -78.36024999924166,29.378569928711528 
-77.39144621709245,37.64344477938929 -77.75973509766558,37.72672665847537 -77.87651776568207,38.53771680847723 -77.45981851876918,38.72218539869686 -77.24629546842586,38.6862084134069 -77.21453313873364,38.66767507956056 -76.92254551456415,38.49730016782787 -76.15678452331765,38.050478280554245 -76.48520815026279,37.94220617701787 -77.39144621709245,37.64344477938929 
-78.30685212273363,36.98058482676496 -78.59848278795502,37.243095183008506 -80.12858788535362,38.62041410762592 -81.92109628900198,42.597396732376126 -82.43244498795738,43.73191018112492 -77.91692674156988,38.58378691111754 -77.87651776568207,38.53771680847723 -77.84178613293543,38.29652509287928 -77.75973509766558,37.72672665847537 -78.0434014064138,37.339871032519284 -78.30685212273363,36.98058482676496 
-76.15678452331765,38.050478280554245 -76.2729276891913,38.11824787075643 -76.60259576546025,38.310609343456385 -77.24629546842586,38.6862084134069 -75.027415262526,46.15696793803552 -74.66233934277219,47.386143987045 -72.16095618443862,40.0231721881135 -72.15985456423851,40.01992950278577 -73.73562095555579,39.21186172260657 -74.15187194275663,38.998404313514605 -75.91561050435965,38.093942641946924 -75.93756819344279,38.085399425269095 -76.0112105504532,38.05674692863232 -76.06615206658782,38.05438105908334 -76.15678452331765,38.050478280554245 
-77.99788118999598,34.416998539442226 -78.06181088706771,35.504280823350754 -77.39144621709245,37.64344477938929 -76.15678452331765,38.050478280554245 -76.04259324423897,38.05539553964971 -76.0112105504532,38.05674692863232 -76.89704368832184,36.433825810016174 -77.99247504924361,34.426903045857884 -77.99788118999598,34.416998539442226 
-79.01232544886136,14.969491341905515 -78.98173958942164,16.18266984697185 -78.83284139029189,22.08867013391019 -78.76351613683339,24.83843453140409 -78.36024999924166,29.378569928711528 -77.2555795059904,33.31682548506426 -76.94129759966246,34.4372704244545 -75.91561050435965,38.093942641946924 -75.80453320540887,38.15090412233262 -72.16129107612979,40.019192846018896 -72.15985456423851,40.01992950278577 -70.9314004287542,37.96059733015 -78.93072358100052,15.201657484786304 -79.01232544886136,14.969491341905515 
-78.06181088706771,35.504280823350754 -78.28636512497778,36.85715647103244 -78.30685212273363,36.98058482676496 -77.83976131215229,37.61758930115308 -77.75973509766558,37.72672665847537 -77.53991839964114,37.677019082081856 -77.39144621709245,37.64344477938929 -77.40083485610188,37.61348520803243 -77.53516596919992,37.18482855563981 -77.81930686523306,36.27812211591498 -78.06181088706771,35.504280823350754 
-77.24629546842586,38.6862084134069 -77.45981851876918,38.72218539869686 -77.2547028196701,39.65064004995477 -75.19015633091905,48.9957940222655 -74.66233934277219,47.386143987045 -75.82539370845232,43.4702500794052 -76.96747666399214,39.62496492370889 -77.24629546842586,38.6862084134069 
-77.87651776568207,38.53771680847723 -81.87284428629798,43.09391178605032 -82.43244498795738,43.73191018112492 -82.87466555965855,44.52406813934161 -83.31925000696175,45.32046055201434 -83.41850141062594,45.498251442597095 -79.43387185,62.72638833492187 -79.11416696755425,61.6919792137401 -75.19015633091905,48.9957940222655 -76.2430282351011,44.229977359229956 -77.25302909033199,39.658216173068325 -77.45981851876918,38.72218539869686 -77.48107839790232,38.7127738627726 -77.79829411937325,38.572345634575015 -77.87651776568207,38.53771680847723 
