-81.43770138706711,27.87533502430937 -82.20488192413285,41.319139196625095 -81.53181878870672,40.214430907828664 -81.24771086528841,39.39861240074861 -81.19196184699987,39.11664077107337 -80.52411768018486,35.73876769156356 -80.5944619908499,35.13329744699595 -80.8747729034826,32.72059462537266 -81.43770138706711,27.87533502430937 
-81.84485597097124,19.999759307076793 -81.92907104410601,20.24859743074056 -87.92339918374088,37.960597330149994 -87.69476845085032,38.35674404096266 -83.87134325648165,44.98156344139023 -83.70926717648275,44.667436937446524 -83.26927604011287,43.68815232561754 -82.91038767895272,42.88937748585983 -82.20488192413285,41.319139196625095 -82.15566684239226,40.45671126828454 -81.87356040217057,35.51317639630359 -81.43770138706711,27.87533502430937 -81.73859732851645,22.055116209211132 -81.84485597097124,19.999759307076793 
-80.52411768018486,35.73876769156356 -81.24771086528841,39.39861240074861 -81.07235950575611,39.06900730377502 -80.45084438994716,37.900755454669536 -80.32115972935016,37.65698930853827 -80.17140218952812,37.09982568680661 -80.13965371594645,36.98170746353559 -80.08171132819437,36.76613641015093 -80.14258719161118,36.62476873423478 -80.37349793736519,36.088541178039 -80.52411768018486,35.73876769156356 
-80.08171132819437,36.76613641015093 -80.23521838421075,37.33724987390767 -80.32115972935016,37.65698930853827 -79.98428800449143,37.33818427151189 -79.69812199786632,37.06736556633243 -80.0769504598363,36.769875076075145 -80.08171132819437,36.76613641015093 
-79.69812199786632,37.06736556633243 -80.16119866333175,37.50560707663333 -80.32115972935016,37.65698930853827 -81.24771086528841,39.39861240074861 -81.39080082228917,39.8094965242675 -81.53181878870672,40.214430907828664 -79.66699834647913,38.432782674852824 -79.49022952922377,38.263897862258176 -79.34392215256416,38.02449130217553 -79.2487688260683,37.868789442864646 -79.34213585207759,37.363819633016575 -79.38497503441786,37.13212655372482 -79.55886210598163,37.09616548827098 -79.69812199786632,37.06736556633243 
-79.43387185,10.22681695833452 -81.81989570241454,19.898582669913598 -81.84485597097124,19.999759307076793 -81.43770138706711,27.87533502430937 -80.52411768018486,35.73876769156356 -80.08171132819437,36.76613641015093 -79.69812199786632,37.06736556633243 -79.38497503441786,37.13212655372482 -79.23007404433666,37.03466933663326 -79.00047189470291,36.89021327776741 -78.27565493696122,34.44064819752919 -77.93412213293534,33.28641633034956 -77.72758564560463,27.61668646774941 -77.71824415915579,27.36024894736424 -77.67739401475433,24.588217519115958 -77.57932630764427,17.933485444394123 -77.60480366144904,17.82761286526832 -79.35144384953325,10.569351158254488 -79.43387185,10.22681695833452 
-79.00047189470291,36.89021327776741 -79.1971236671184,37.0139383389545 -79.38497503441786,37.13212655372482 -79.2487688260683,37.868789442864646 -79.07789465580039,37.77968996374952 -78.74668110682846,37.6069841964413 -79.00047189470291,36.89021327776741 
-77.57932630764427,17.933485444394123 -77.71824415915579,27.36024894736424 -76.43363410655424,36.1664151018941 -76.34452367552534,36.460677485764975 -76.23886623446738,36.80958176240714 -76.23416209910636,36.82511585947526 -76.11249435658799,36.81597290037838 -76.09668390053659,36.77436573349645 -75.26607781896568,34.58852329247383 -73.51577805069856,29.982393379778305 -73.5720644255133,29.81549752785869 -77.53632270231314,18.060996291752367 -77.57932630764427,17.933485444394123 
-78.74668110682846,37.6069841964413 -78.96348254783979,37.72003168299373 -79.1021901108887,37.792358422591704 -79.2487688260683,37.868789442864646 -79.34599562380372,38.027884177013576 -79.49022952922377,38.263897862258176 -79.41100594071064,38.257167581781346 -78.5152148446427,38.18106745253527 -78.51036486507,38.15727124739435 -78.43016233936456,37.76376118701095 -78.45519911295786,37.751360058164835 -78.6237169546568,37.667890378655656 -78.6762967895549,37.641846715128146 -78.74668110682846,37.6069841964413 
-78.5152148446427,38.18106745253527 -78.85726334443304,38.21012549425585 -79.49022952922377,38.263897862258176 -80.28650092257465,39.02465503158551 -81.53181878870672,40.214430907828664 -81.6781538222104,40.454612721308116 -82.20488192413285,41.319139196625095 -83.70926717648275,44.667436937446524 -82.28383634397365,43.093102860723675 -78.73137671159456,39.16954646788763 -78.24914998854713,38.636945414588105 -78.5152148446427,38.18106745253527 
-77.71824415915579,27.36024894736424 -77.93029684637527,33.181406597091524 -77.93412213293534,33.28641633034956 -77.57872845155363,35.655512658193764 -76.96580657875114,37.108333776908104 -76.93400998234597,37.11318319424484 -76.85362980748104,37.125442274070636 -76.44495601132698,37.003958135231954 -76.43980608843263,37.0024272468956 -76.38078771527151,36.85485209176821 -76.38799097251962,36.76101429855634 -76.41868453898398,36.36116511316585 -76.43363410655424,36.1664151018941 -77.53838861508551,28.5931816974144 -77.71824415915579,27.36024894736424 
-76.21050343040154,36.98336530911707 -76.40545485072474,37.03825713691936 -76.48412802058398,37.19162335358924 -76.50436937669127,37.23108204340684 -76.52971595781823,37.28049290685511 -76.38273541140819,37.54993817748865 -75.88721935579943,38.45832000738255 -75.84865526895342,38.52901583122286 -75.79689092382446,38.556603006603886 -73.2983003908505,39.88819630826352 -72.17801005137697,40.48524135917121 -72.17479580009659,40.47936934740448 -71.42785967699591,39.114815888057485 -71.36368364312771,38.997574766208274 -71.41835945401616,38.97425551146149 -71.45816919741736,38.957276640317346 -71.90825162204634,38.76531631002823 -75.99330172941899,37.02304084014019 -76.02701407290911,37.00866251244496 -76.09680386047296,36.9990407748666 -76.15485322295963,36.991037659340186 -76.21050343040154,36.98336530911707 
-76.38078771527151,36.85485209176821 -76.43980608843263,37.0024272468956 -76.42556984317568,37.0172762926926 -76.40545485072474,37.03825713691936 -76.22507032737312,36.98746686220579 -76.21050343040154,36.98336530911707 -76.25639286659215,36.863996093679575 -76.3621205355433,36.85622427662093 -76.38078771527151,36.85485209176821 
-76.43363410655424,36.1664151018941 -76.38439997675309,36.80779467950876 -76.38078771527151,36.85485209176821 -76.27787132393503,36.86241725776248 -76.25639286659215,36.863996093679575 -76.25390955460796,36.85965293496455 -76.24351303642004,36.84147006915419 -76.23416209910636,36.82511585947526 -76.24177590992481,36.79997336946693 -76.29636360206216,36.619712717230435 -76.40473699852646,36.26183975417154 -76.43363410655424,36.1664151018941 
-76.11249435658799,36.81597290037838 -76.23416209910636,36.82511585947526 -76.248203119583,36.84967273385884 -76.25639286659215,36.863996093679575 -76.21050343040154,36.98336530911707 -76.19348407081553,36.985711724221694 -76.02701407290911,37.00866251244496 -76.10754099277635,36.82713877056751 -76.11249435658799,36.81597290037838 
-73.51577805069856,29.982393379778305 -75.40928563266334,34.96539233305956 -75.9420850616431,36.367519803898695 -76.11249435658799,36.81597290037838 -76.02701407290911,37.00866251244496 -75.58411105479715,37.19756082304418 -71.36368364312771,38.997574766208274 -70.7333529986838,37.960597330149994 -70.75845404912971,37.888623675484595 -73.36337490216042,30.41938750504167 -73.5118751057961,29.99358451336027 -73.51577805069856,29.982393379778305 
-77.18660890829437,38.827153427924344 -77.2605418795509,38.84160853123178 -77.26787237199314,38.87577252630112 -77.28779156627769,38.96860656994636 -77.28055881272915,38.98147622550311 -77.0494460205524,39.3927085466531 -76.87214512705947,39.70819025273407 -76.73904116588686,39.945029807964765 -76.95138509996634,39.37791908184524 -77.16967098464771,38.86681279174311 -77.18660890829437,38.827153427924344 
-77.94905727176925,38.61359633746527 -78.10000485087077,38.62534099659525 -78.20761097495667,38.63371342134833 -78.24914998854713,38.636945414588105 -78.51422442705476,38.92971003837285 -78.76166171211246,39.202995097762525 -82.11020738693406,42.90133628914467 -83.69078499755503,44.64702407458822 -83.70926717648275,44.667436937446524 -83.74404860529624,44.73484829534352 -83.87134325648165,44.98156344139023 -83.86360000779823,45.015023678782434 -79.43387185,64.1568285984654 -79.31736599772742,63.748870307926886 -77.9854638825328,59.08506587681406 -77.96237934138814,59.00423277049757 -77.95264935216485,58.103159084974955 -77.78441045582863,42.52291136926471 -77.74667960254942,39.028736993319725 -77.74607375375251,38.97263061994408 -77.74592071688126,38.95845819955971 -77.78531676462286,38.891576124145836 -77.87612658133745,38.737409669437994 -77.94905727176925,38.61359633746527 
-77.41226231480175,38.917471601588076 -77.44138408734256,38.93077079123022 -77.47964550239737,38.94824382842527 -77.46872264069043,38.97042637168254 -74.0271840200212,45.9596276792396 -73.96260113802691,45.75423515137629 -74.16128791971006,45.338518513438075 -76.73904116588686,39.945029807964765 -77.28779156627769,38.96860656994636 -77.41226231480175,38.917471601588076 
-77.17033101385994,38.80664961475975 -77.17291929636671,38.8099098436026 -77.18660890829437,38.827153427924344 -77.17856258959344,38.84599351053536 -76.97485110684342,39.32297451345982 -76.95138509996634,39.37791908184524 -77.0829371657125,38.93563202098784 -77.11237618904265,38.83665600697123 -77.11838184762306,38.8164645712308 -77.13456847562436,38.813406369131435 -77.17033101385994,38.80664961475975 
-76.21931424687322,38.42263766479849 -76.52633386235864,38.557124309940434 -77.11838184762306,38.8164645712308 -76.96255833044324,39.34035391523326 -76.95138509996634,39.37791908184524 -76.92995859462886,39.435143231208535 -76.73904116588686,39.945029807964765 -76.49506171873492,40.45551326658647 -75.85505166989017,41.79462009341454 -74.31898287515783,45.00856995750897 -73.96260113802691,45.75423515137629 -73.96017208903878,45.74706339974358 -72.20557808673139,40.566635807587076 -72.17801005137697,40.48524135917121 -72.21627983307157,40.46484594652237 -75.84865526895342,38.52901583122286 -76.21931424687322,38.42263766479849 
-77.56081576721002,38.91667972765657 -77.74592071688126,38.95845819955971 -77.74635149056911,38.99835123804432 -77.75485826119315,39.7861452409146 -77.78835716386567,42.888407638067164 -77.87292846330631,50.72037648486359 -77.9338932533821,56.366196518174135 -77.96237934138814,59.00423277049757 -77.59673100599454,57.79216125994585 -74.03129615121757,45.97325880124491 -74.0271840200212,45.9596276792396 -74.22821507717111,45.55136652562261 -74.39496063633106,45.21273360338522 -77.47964550239737,38.94824382842527 -77.56081576721002,38.91667972765657 
-77.1546368917325,38.60824587824032 -77.47040512739248,38.63738010528171 -77.47205376593648,38.6375322162423 -77.45351932264678,38.70552471515634 -77.44994337487665,38.70843012418107 -77.37262414986367,38.77125094500343 -77.3680315237903,38.77498239134954 -77.32121049737579,38.77814978472934 -77.29185340242479,38.75665937052626 -77.20454247442696,38.69274473557137 -77.18815880861511,38.680751322563395 -77.1546368917325,38.60824587824032 
-76.70023463330331,38.26166802747544 -76.90952460296884,38.42129590459927 -77.06762981394031,38.54188457509277 -77.1546368917325,38.60824587824032 -77.18815880861511,38.680751322563395 -77.1867279539852,38.69085588999654 -77.17700425874988,38.759523756144674 -77.17033101385994,38.80664961475975 -77.16616334375269,38.807437028757924 -77.12725436255414,38.81478825274207 -77.11838184762306,38.8164645712308 -77.0852454086562,38.801949510030056 -76.60936476777917,38.593495106299656 -76.29275067914726,38.4548057052415 -76.21931424687322,38.42263766479849 -76.70023463330331,38.26166802747544 
-77.18815880861511,38.680751322563395 -77.26490465264506,38.73693194872282 -77.32121049737579,38.77814978472934 -77.3179770155456,38.78153197326666 -77.27063969425534,38.831046321533734 -77.2605418795509,38.84160853123178 -77.25132909156093,38.83980728072228 -77.21079036917553,38.83188129844302 -77.197544452265,38.82929150536303 -77.18660890829437,38.827153427924344 -77.17033101385994,38.80664961475975 -77.17259836779618,38.79063776403452 -77.1789736611601,38.74561601244999 -77.18239174352027,38.7214778205064 -77.18815880861511,38.680751322563395 
-77.45351932264678,38.70552471515634 -77.50297065762545,38.802842918924206 -77.55464480661095,38.90453552970352 -77.56081576721002,38.91667972765657 -77.51762666992164,38.933474363254554 -77.49003236794022,38.94420476225466 -77.47964550239737,38.94824382842527 -77.44141888271044,38.930786681409835 -77.41226231480175,38.917471601588076 -77.40972701431114,38.90930414727938 -77.37692637639708,38.80363710210978 -77.3680315237903,38.77498239134954 -77.45351932264678,38.70552471515634 
-77.82104575853647,38.47957588996675 -77.94905727176925,38.61359633746527 -77.89457084396322,38.70609712326634 -77.82506421849098,38.82409747185685 -77.74592071688126,38.95845819955971 -77.69033294398139,38.945911953700914 -77.56081576721002,38.91667972765657 -77.53185600319566,38.85968809706391 -77.455151141522,38.70873606793133 -77.45351932264678,38.70552471515634 -77.47205376593648,38.6375322162423 -77.47411327935859,38.63545350680618 -77.59480944306348,38.51363237580368 -77.6344327547082,38.50766768021968 -77.69817774738361,38.498071827159194 -77.7627689300444,38.48834859288145 -77.82104575853647,38.47957588996675 
-77.3680315237903,38.77498239134954 -77.38571179896717,38.831939284706905 -77.41226231480175,38.917471601588076 -77.39054736312505,38.926392519796224 -77.31129603663553,38.95895048317676 -77.28779156627769,38.96860656994636 -77.2605418795509,38.84160853123178 -77.27903061450687,38.82226950577205 -77.32121049737579,38.77814978472934 -77.3680315237903,38.77498239134954 
-78.04005076087013,37.7236462850417 -78.09350374376695,37.72914281805193 -78.15592793922308,37.73556185460269 -78.23513423377914,37.743706582717984 -78.43016233936456,37.76376118701095 -78.46669451414793,37.94300464821736 -78.49615870547792,38.087569368685074 -78.5152148446427,38.18106745253527 -78.24914998854713,38.636945414588105 -78.04120834197971,38.6207662630416 -77.94905727176925,38.61359633746527 -77.86324999504376,38.52376121767829 -77.82104575853647,38.47957588996675 -77.76189315694462,38.1048115523487 -77.76061624393526,38.096721604564955 -78.00715601098666,37.767564335889624 -78.04005076087013,37.7236462850417 
-77.69603466882424,37.16578942216505 -77.80063360244495,37.354449990016015 -77.94943221836259,37.62283161115432 -77.70316051211688,37.59872628102578 -77.5871366443304,37.587369744465335 -77.53722557959993,37.52955873929193 -77.53996092757833,37.50263503724315 -77.56024552453039,37.302976182564294 -77.56274036143176,37.27841980219762 -77.57974773809477,37.26404899121263 -77.69603466882424,37.16578942216505 
-77.08587525005694,37.34701238352273 -77.2576906278304,37.36989197435246 -77.2876001157412,37.399553874282965 -77.43062135387484,37.54139119580816 -77.42393665921871,37.721530366507935 -77.42252853073597,37.75947661688516 -77.33002545748528,37.96617432937492 -77.3130899775992,38.00401658508982 -77.29830662465358,38.037049922571555 -77.25260375659887,38.05173782508063 -77.19158703979777,38.07134726374267 -76.98288756458014,38.07399222436947 -77.03556887196586,37.70212010896491 -77.04521279997574,37.63404457918384 -77.08587525005694,37.34701238352273 
-77.56274036143176,37.27841980219762 -77.53722557959993,37.52955873929193 -77.50498502843588,37.53313725521954 -77.47051902726379,37.53696278331079 -77.43062135387484,37.54139119580816 -77.4135689559149,37.52447995602461 -77.25816358826397,37.37036101966322 -77.2576906278304,37.36989197435246 -77.36482155397808,37.337767709223634 -77.51488737867481,37.29276899118129 -77.56274036143176,37.27841980219762 
-76.43980608843263,37.0024272468956 -76.60330147758425,37.051028592864185 -76.66821335838026,37.07032457908379 -76.85362980748104,37.125442274070636 -76.52971595781823,37.28049290685511 -76.5127992647241,37.24751534635953 -76.41296833720816,37.052903998079586 -76.4078799447595,37.042984638021025 -76.40545485072474,37.03825713691936 -76.43980608843263,37.0024272468956 
-77.29830662465358,38.037049922571555 -77.33716120929455,38.04206499974491 -77.4115312293806,38.0516641601416 -77.76061624393526,38.096721604564955 -77.79270101425921,38.29999631057108 -77.80055122382909,38.34973171544675 -77.82104575853647,38.47957588996675 -77.59480944306348,38.51363237580368 -77.53144264410214,38.44412683357047 -77.47994165720125,38.38763661978713 -77.19158703979777,38.07134726374267 -77.29830662465358,38.037049922571555 
-77.53722557959993,37.52955873929193 -77.5552996508416,37.55049358072836 -77.5871366443304,37.587369744465335 -77.55243678082819,37.623650367882696 -77.46211969169721,37.71808187187705 -77.42252853073597,37.75947661688516 -77.42876253059023,37.59148277099457 -77.43062135387484,37.54139119580816 -77.53722557959993,37.52955873929193 
-77.19158703979777,38.07134726374267 -77.19335749651381,38.07328923581741 -77.23442954281825,38.1183401914568 -77.47410648157707,38.38123615373182 -77.59480944306348,38.51363237580368 -77.54579833557113,38.56310029891847 -77.47205376593648,38.6375322162423 -77.43014822512731,38.63366581866854 -77.35049918410694,38.62631703249356 -77.19407842491358,38.61188493515863 -77.1546368917325,38.60824587824032 -77.12677245726786,38.58699335224515 -77.0909894749973,38.559701258380656 -76.71454454656758,38.272582363598914 -76.70023463330331,38.26166802747544 -76.72829776068512,38.24303468111226 -76.98288756458014,38.07399222436947 -76.99482466552432,38.07384093907293 -77.18621072277782,38.07141540069807 -77.19158703979777,38.07134726374267 
-76.96580657875114,37.108333776908104 -77.00519912148638,37.18664027525444 -77.08587525005694,37.34701238352273 -76.99380916965204,37.99689769913376 -76.98288756458014,38.07399222436947 -76.97300601048516,38.080553375503946 -76.951964717517,38.09452436649403 -76.71433520149854,38.2523055367051 -76.71160423596247,38.25411884233021 -76.70023463330331,38.26166802747544 -76.40849276002102,38.35931741988902 -76.21931424687322,38.42263766479849 -76.17204957873763,38.43620250210836 -75.84865526895342,38.52901583122286 -75.86462029952037,38.49974867929797 -76.52971595781823,37.28049290685511 -76.61988115628608,37.237332754573465 -76.70815211049401,37.19507933650976 -76.85362980748104,37.125442274070636 -76.96580657875114,37.108333776908104 
-77.57872845155363,35.655512658193764 -77.61522350911643,36.12537383622269 -77.68437737955693,37.01570587569193 -77.69022548762375,37.090998233863615 -77.69329756267884,37.13055013214174 -77.69603466882424,37.16578942216505 -77.56274036143176,37.27841980219762 -77.25884471274043,37.36954591060632 -77.2576906278304,37.36989197435246 -77.1714855378591,37.3584125758752 -77.08587525005694,37.34701238352273 -76.99072054938965,37.15785903385122 -76.96580657875114,37.108333776908104 -77.04476302759039,36.921181708394265 -77.57872845155363,35.655512658193764 
-77.93412213293534,33.28641633034956 -78.03623970083997,33.63152915607235 -78.84602281480788,36.36824277370443 -79.00047189470291,36.89021327776741 -78.97772426707758,36.954458469987436 -78.8545925860145,37.30221422933795 -78.74668110682846,37.6069841964413 -78.43016233936456,37.76376118701095 -78.04005076087013,37.7236462850417 -77.96295292454408,37.637873627354274 -77.94943221836259,37.62283161115432 -77.94563228190614,37.61597783029009 -77.89567538336924,37.525872735335476 -77.69603466882424,37.16578942216505 -77.67976710246202,36.9563501609319 -77.60306019003751,35.96877533185466 -77.57872845155363,35.655512658193764 -77.65533938226774,35.144815129971235 -77.89108760003504,33.573289618215036 -77.93412213293534,33.28641633034956 
-77.5871366443304,37.587369744465335 -77.94943221836259,37.62283161115432 -78.03455241250032,37.71752927871514 -78.04005076087013,37.7236462850417 -77.76061624393526,38.096721604564955 -77.5755250836375,38.072831336233016 -77.29830662465358,38.037049922571555 -77.42252853073597,37.75947661688516 -77.5871366443304,37.587369744465335 
