-82.40322062173844,36.748884250278266 -82.47943214037399,36.907749348236116 -84.05889163727565,40.20017800191108 -85.23615473029935,42.654216708182865 -85.2619937553225,42.708078897454655 -85.26336012102963,42.71092712598754 -85.26304753222188,42.71150868753774 -85.19522305308614,42.83769397712071 -83.88822202707378,45.2693278806047 -83.80035966743685,45.101257661809306 -83.49408520844786,44.51539113663933 -82.53843976606395,42.687355340013816 -81.95577132425431,41.267658014692024 -81.52527622077595,39.69983198990106 -81.51912789873057,39.67744033147416 -81.51877884304984,39.66640683234343 -81.51260147271505,39.47114282725165 -81.72700943776444,37.80742223956464 -81.7989607416078,37.24910872034652 -81.83330828729933,36.982585417957324 -82.40322062173844,36.748884250278266 
-81.19840275703505,16.911209361359127 -81.20980968606355,16.948279417238428 -83.79882656925123,25.362025158314356 -83.9373871069562,25.812316982043598 -82.51651269751197,35.94126237899274 -82.40322062173844,36.748884250278266 -81.83330828729933,36.982585417957324 -81.71278221801408,36.79167105137379 -81.59966800379901,36.61249712919637 -81.47738377179802,36.41879781722119 -81.36317627648778,34.69993824220441 -81.249081805908,32.98277972577086 -81.10672914475465,30.84032634311063 -80.95238104416943,28.517337734911994 -80.94253997452111,28.369226468243554 -80.94089621076145,27.537688872874668 -81.19840275703505,16.911209361359127 
-83.9373871069562,25.812316982043598 -83.94982711272172,25.848236500465333 -88.14136214464082,37.95095756283801 -88.14470068497232,37.960597330149994 -85.26336012102963,42.71092712598754 -82.64972633943668,37.262732493830256 -82.40322062173844,36.748884250278266 -83.15491831482215,31.39027912821421 -83.91185149982518,25.994351909683115 -83.9373871069562,25.812316982043598 
-80.94253997452111,28.369226468243554 -80.96992793457177,28.781424084918093 -81.47738377179802,36.41879781722119 -81.16356468278474,37.20473872032168 -80.97420809973221,37.07128605111555 -80.53768092892311,36.76363518846073 -80.51399855204772,36.66037077116178 -80.46170294612736,36.43234149432522 -80.4341222874383,36.312079045026486 -80.47223567441452,35.716645365897264 -80.9341694137734,28.499997154813325 -80.94253997452111,28.369226468243554 
-80.53768092892311,36.76363518846073 -81.16356468278474,37.20473872032168 -81.41578909566208,38.842510043302646 -81.51260147271505,39.47114282725165 -81.51912789873057,39.67744033147416 -80.8702582692052,38.622867288218494 -80.44984087866418,37.014727487111685 -80.53401410437641,36.77411686966952 -80.53768092892311,36.76363518846073 
-80.94089621076145,27.537688872874668 -80.94253997452111,28.369226468243554 -80.4341222874383,36.312079045026486 -80.40970337251098,36.33801880695332 -79.82229462358075,36.9620122622865 -79.79455756790476,36.99147682379251 -79.68113958361968,36.92812971703623 -79.54284831453181,36.85089018715397 -79.61366356739967,36.37914904877187 -80.6485380326382,29.48525488694377 -80.94089621076145,27.537688872874668 
-81.47738377179802,36.41879781722119 -81.83330828729933,36.982585417957324 -81.73266050889075,37.7635721737654 -81.71135401591724,37.92890209051205 -81.55641428635576,39.13117280775288 -81.5271522549511,39.35823454062388 -81.51260147271505,39.47114282725165 -81.16356468278474,37.20473872032168 -81.26174686800213,36.95884738349838 -81.36020564969587,36.71226332755118 -81.47738377179802,36.41879781722119 
-78.59976495619408,35.58708172572567 -78.64113641991514,35.654907869444266 -79.39656953420354,36.893397165471754 -79.25066200071281,37.180531032712274 -79.09253714309396,37.26920881156091 -79.08810195919072,37.27035164793181 -79.04128092022286,37.28241626293387 -78.8737186198309,37.32559289223669 -78.54415663224283,37.02766127247791 -78.5512788234548,36.84315502846651 -78.59976495619408,35.58708172572567 
-73.53990547679196,29.742425605470018 -74.02969364404711,31.06910548876052 -75.98964723921408,36.37799447532586 -76.01639795876707,36.52921475259739 -76.06618873400613,36.81067913796846 -76.0365650375013,36.83359414686866 -75.70751521024094,37.088126180676525 -75.35777357857914,37.0883522433557 -72.65578403240387,37.09009872973479 -70.98468307889355,37.091178880121575 -73.53990547679196,29.742425605470018 
-79.09253714309396,37.26920881156091 -79.11760580598406,37.30226111628556 -79.12260343519881,37.30885034541322 -79.14823021848778,37.342638515691526 -79.22145378285241,37.43918166093291 -79.27516281243354,37.509995458220956 -79.28906852941489,37.52832974262606 -79.28075317779773,37.53918934466633 -79.17414478414278,37.67841673787197 -79.10802119383757,37.76477218130345 -79.02084685088892,37.73171772826161 -78.87970565393387,37.67820031810151 -78.87851165506216,37.607879544677225 -78.87534752462578,37.42152752645259 -78.87469085993865,37.38285314427901 -78.8737186198309,37.32559289223669 -78.9281861855316,37.311557957840435 -79.07216120898013,37.274459182031315 -79.09253714309396,37.26920881156091 
-78.87970565393387,37.67820031810151 -79.10802119383757,37.76477218130345 -79.18126719173853,37.98687050048324 -78.88778162226926,38.18887704223287 -78.74249645324433,38.28887703410744 -78.72500111882609,38.28795197443545 -78.65611219177693,38.28430949657612 -78.6402641805108,38.2834715385381 -78.63840881030056,38.28337343648889 -78.63903270573597,38.250952310029454 -78.6467912877459,37.84777261963559 -78.72016649521505,37.79435211574085 -78.87970565393387,37.67820031810151 
-78.27138636574065,38.79412223722789 -78.29574584745681,38.819872903385445 -78.35427243847963,38.88174198271682 -78.39266403190459,38.92232614280127 -78.68759553425919,39.23410135809421 -78.74083448707631,39.2903808190674 -78.12284363257805,39.11480906813745 -78.00381863102976,39.08099395942804 -77.99677749570792,39.052350723905704 -77.9761047491104,38.96825429305739 -77.99610867060055,38.92172044609264 -78.0028046639101,38.91861668299104 -78.11905995848403,38.864729398911855 -78.1611546739936,38.8452174282854 -78.27138636574065,38.79412223722789 
-79.82538454256473,37.27286915434272 -79.90596263747169,37.286177308750005 -79.98454511436816,37.29915586995145 -79.98856648404256,37.30464269735972 -80.00060881321541,37.32107346277419 -80.14998630643397,37.524886737934594 -80.3319684833407,37.77318641613251 -80.39517144529314,37.966476812731834 -80.16418530604392,37.78685316685305 -79.82742215993511,37.524973279608346 -79.74134002619743,37.45803252395415 -79.79871229531193,37.3316323359268 -79.82538454256473,37.27286915434272 
-80.00621256331249,37.201434766816845 -80.16112042876473,37.24015152009162 -80.2320252913158,37.257873060965984 -80.24085863792605,37.303418349112725 -80.2833001382308,37.52224938179467 -80.3319684833407,37.77318641613251 -80.31234294943249,37.74640899299856 -79.98454511436816,37.29915586995145 -80.00621256331249,37.201434766816845 
-80.4341222874383,36.312079045026486 -80.51120690664887,36.64819810635973 -80.53768092892311,36.76363518846073 -80.44984087866418,37.014727487111685 -80.38829814674682,37.083427083181796 -80.32333322700956,37.1559468366219 -80.2320252913158,37.257873060965984 -80.20916270530472,37.25215892179539 -80.01202432189865,37.202887323293666 -80.00621256331249,37.201434766816845 -79.84733598927617,37.10550373571613 -79.80212811891444,37.00783287482176 -79.79455756790476,36.99147682379251 -79.8272137786897,36.95678673474822 -79.9408014217574,36.83612468126323 -80.19444003399342,36.56668907216939 -80.4341222874383,36.312079045026486 
-79.74134002619743,37.45803252395415 -79.99819407100587,37.657772041386515 -80.38981352492667,37.96231028917469 -80.39517144529314,37.966476812731834 -80.5283589170182,38.150491572759464 -80.8702582692052,38.622867288218494 -81.40314548509154,39.488940328777275 -81.51912789873057,39.67744033147416 -81.52785143308797,39.70921069095834 -81.65168384572848,40.16019765383373 -81.95577132425431,41.267658014692024 -81.87681975382473,41.180280353729366 -81.55203348548328,40.82083133598271 -80.28276180847148,39.41609689358968 -79.71280944202427,38.67656448683502 -79.31041288425891,38.15444138962077 -79.19340561930245,38.00262051939539 -79.18126719173853,37.98687050048324 -79.10802119383757,37.76477218130345 -79.11660183616118,37.75356611748625 -79.20182196073134,37.64227116794443 -79.28906852941489,37.52832974262606 -79.37281870385397,37.46213810935076 -79.37693195531664,37.462092284851295 -79.74134002619743,37.45803252395415 
-79.84733598927617,37.10550373571613 -79.89128018985653,37.132037619003455 -79.94795316512143,37.16625724506025 -80.00621256331249,37.201434766816845 -80.00278728307411,37.2168829242949 -79.98853434288458,37.28116428209628 -79.98454511436816,37.29915586995145 -79.90476144758249,37.28597892207264 -79.82538454256473,37.27286915434272 -79.83905481307791,37.16864228596122 -79.84733598927617,37.10550373571613 
-79.54284831453181,36.85089018715397 -79.67688200922991,36.925751743021856 -79.79455756790476,36.99147682379251 -79.84106420069232,37.09195363956181 -79.84733598927617,37.10550373571613 -79.82538454256473,37.27286915434272 -79.78048271755573,37.37179498055648 -79.74134002619743,37.45803252395415 -79.60330733471177,37.45957030472302 -79.37281870385397,37.46213810935076 -79.33588656550697,37.37699868395315 -79.25066200071281,37.180531032712274 -79.25255187626722,37.17681191510703 -79.35784079302528,36.96961210079294 -79.39656953420354,36.893397165471754 -79.54284831453181,36.85089018715397 
-79.25066200071281,37.180531032712274 -79.26077774202103,37.20385078729462 -79.2993602747067,37.292794856343065 -79.36556127538131,37.44540760530516 -79.37281870385397,37.46213810935076 -79.30542484395984,37.51540259135329 -79.28906852941489,37.52832974262606 -79.22940194389841,37.4496610806788 -79.09253714309396,37.26920881156091 -79.25066200071281,37.180531032712274 
-79.18126719173853,37.98687050048324 -79.23673029997386,38.05883575290432 -79.64742555597958,38.59172669080827 -80.28276180847148,39.41609689358968 -78.7576063510398,38.29993498383799 -78.74249645324433,38.28887703410744 -78.90736246720714,38.17539951835463 -79.1492922281918,38.008878914117766 -79.18126719173853,37.98687050048324 
-80.44984087866418,37.014727487111685 -80.54955624337602,37.39614902290644 -80.8702582692052,38.622867288218494 -80.59345134451675,38.24042471189506 -80.39517144529314,37.966476812731834 -80.3319684833407,37.77318641613251 -80.32917730516616,37.75879492671892 -80.31670317925142,37.69447755254209 -80.2320252913158,37.257873060965984 -80.39652017565443,37.07424890653555 -80.44984087866418,37.014727487111685 
-78.63840881030056,38.28337343648889 -78.64756350696882,38.28385748786479 -78.74249645324433,38.28887703410744 -78.77837442114466,38.315133781230834 -79.84488235181956,39.095641448739045 -80.28276180847148,39.41609689358968 -80.29700994040105,39.43186565454426 -81.57441844558619,40.84560532646689 -81.95577132425431,41.267658014692024 -82.53843976606395,42.687355340013816 -82.0426664660449,42.21661520170133 -80.07186962546045,40.34533012586744 -79.92832437172326,40.20903292592595 -78.60724697319822,38.320269922396804 -78.61316997323671,38.312614117110975 -78.63098133642436,38.28959194463865 -78.63840881030056,38.28337343648889 
-76.06618873400613,36.81067913796846 -76.07907240570184,36.816350185721795 -76.08525036261962,36.81906955714994 -76.08733228611409,36.82249356012423 -76.08934347614652,36.8258012324144 -76.11645254705802,36.87038574268953 -76.11936346181375,36.875173133200285 -76.1017495145028,37.07127449913859 -76.10173384236579,37.071448981747174 -76.0884159546266,37.11617494209482 -76.07388646566558,37.115105019876495 -75.93374873309072,37.10478556032009 -75.78191276328116,37.093604666203504 -75.72445292340271,37.08937343966053 -75.70751521024094,37.088126180676525 -76.06618873400613,36.81067913796846 
-76.22829745690588,36.867833876843704 -76.23606588269479,36.86920960044831 -76.29691286185881,36.979400289783605 -76.29771420220423,36.980851475138536 -76.11169101407343,37.12360330159995 -76.09484138138681,37.11822565135543 -76.0884159546266,37.11617494209482 -76.10173384236579,37.071448981747174 -76.10368290781828,37.06831333199494 -76.22829745690588,36.867833876843704 
-79.43387185,9.465409688697628 -79.52865676684921,9.865374064518585 -81.19840275703505,16.911209361359127 -81.14574971159072,19.084033768078 -81.02213346879962,24.185284553036354 -80.94089621076145,27.537688872874668 -80.86842417374439,28.020466803599444 -80.83825472872671,28.22144283292395 -80.76960485610988,28.678759127740765 -79.5550775783537,36.76942402551113 -79.54284831453181,36.85089018715397 -79.50579451356677,36.86165760749121 -79.39656953420354,36.893397165471754 -79.34111879844218,36.80248886214437 -79.27813695460625,36.69923373874626 -78.59976495619408,35.58708172572567 -78.51434682972426,35.11663392313402 -78.20121182873386,33.39201551696323 -77.8726806351011,31.582601233193387 -77.58240296908342,24.038755820514336 -77.51998523627536,22.41662025020416 -77.50065599142643,21.50354654406046 -77.42465235758249,17.913291457705125 -77.44291525697125,17.836504020903025 -79.41438364164212,9.547349009273828 -79.43387185,9.465409688697628 
-77.8726806351011,31.582601233193387 -77.93998737130902,31.953298969812707 -78.51243038419743,35.10607893177386 -78.59976495619408,35.58708172572567 -78.57852474424236,36.137326953997004 -78.55029553823246,36.86862784403209 -78.54541061190923,36.9951758938313 -78.54415663224283,37.02766127247791 -78.52952740656666,37.03629272971367 -78.37893323949697,37.12514549210796 -78.31544502318108,37.162604468832754 -78.05303833854514,37.3174282528764 -77.96460757246864,37.280850969501735 -77.89672627006058,37.252773483077235 -77.88779384071219,37.24471423873644 -77.74896357019568,37.11945524945671 -77.66491694233419,36.60650281960296 -77.53969780016423,35.84226676546716 -77.49411124158215,35.56404339603119 -77.8726806351011,31.582601233193387 
-76.35318042624135,36.962040894409085 -76.35420242259353,36.964752311644204 -76.3633544424519,36.98903316580504 -76.38390561912676,37.04355666241002 -76.39047389747617,37.06098269635202 -76.38337501300165,37.070157658443 -76.28025780388465,37.20343162394735 -76.2741568524538,37.21131680623168 -76.27275017608888,37.21055735726026 -76.11443462447619,37.125084546433754 -76.11169101407343,37.12360330159995 -76.29190874348382,36.985306510255995 -76.29771420220423,36.980851475138536 -76.35318042624135,36.962040894409085 
-78.54415663224283,37.02766127247791 -78.8737186198309,37.32559289223669 -78.8782405467056,37.59191257036321 -78.87970565393387,37.67820031810151 -78.66720091328551,37.832913479631294 -78.6467912877459,37.84777261963559 -78.5000309085083,37.85874419513166 -78.35826631960732,37.869342293186975 -78.28491462511585,37.86215261652674 -78.21514192515382,37.855313740398294 -78.16563320868401,37.8171959584694 -78.1359992772294,37.794380183441746 -78.13296565772528,37.77693955774445 -78.07783907488029,37.46001052426941 -78.05303833854514,37.3174282528764 -78.06051126078802,37.31301911939295 -78.20839876969696,37.22576332492324 -78.38902548422348,37.11919092002751 -78.54415663224283,37.02766127247791 
-78.60724697319822,38.320269922396804 -78.63689748148437,38.36266167260706 -79.71558606702462,39.90487796892121 -79.92832437172326,40.20903292592595 -78.74083448707631,39.2903808190674 -78.27138636574065,38.79412223722789 -78.3053532811003,38.62972642178931 -78.34728089132413,38.42680179353978 -78.3524168554355,38.40194434036188 -78.36326334937137,38.39846798094663 -78.57309767649117,38.33121495494221 -78.60724697319822,38.320269922396804 
-77.16061812814927,38.87174273886106 -77.21611000229697,38.93503648999875 -77.22020829498587,38.97004474561229 -77.22301903286191,38.99405450711468 -77.22609230728318,39.02030689675054 -77.19070272777275,39.14238589984247 -76.91130956587446,39.68554942582497 -76.72379911304604,40.05008532936988 -76.53659677489729,40.414022232371316 -76.96771883152242,39.303926038680245 -77.12205648418349,38.9065220132322 -77.12602372532942,38.896306763912726 -77.12960262411568,38.887091457344276 -77.13456165231023,38.88463737090976 -77.13717805103738,38.88334258726028 -77.14314992231014,38.880387272689724 -77.16061812814927,38.87174273886106 
-77.11077027395297,38.86765083108663 -77.11814128446687,38.875259921789805 -77.12960262411568,38.887091457344276 -76.62691528754894,40.18146109203141 -76.53659677489729,40.414022232371316 -75.17396203188201,43.2183357510645 -73.95506987521114,45.72682584373408 -73.92096293103819,45.79701821561934 -72.61892527283109,41.89523771887944 -72.76809369891757,41.76154376192931 -72.99090714056342,41.561844593299334 -74.196029088596,40.48173986827851 -76.57981608013009,39.13907934474024 -77.02705445391608,38.887173737726485 -77.03182338497511,38.886061601504245 -77.11077027395297,38.86765083108663 
-76.30159407285988,36.8074114082701 -76.38632255468474,36.841951963452246 -76.38986404272241,36.932307583862716 -76.37891075099972,36.93833725673808 -76.37715281750364,36.939304980796415 -76.37117522464472,36.94259558333252 -76.27904877549776,36.853561369045494 -76.30159407285988,36.8074114082701 
-76.49521241347296,36.491451299525366 -76.51407707990772,36.64401111151805 -76.51440547200022,36.64666684020876 -76.50110176270285,36.666950704475646 -76.39316297491632,36.83152252964516 -76.38632255468474,36.841951963452246 -76.38403816414979,36.841020704970674 -76.30579656348309,36.80912460265464 -76.30159407285988,36.8074114082701 -76.2859554615318,36.76541957071289 -76.28552710870908,36.764269384051694 -76.30500569821453,36.73892611317185 -76.4430716861893,36.55929073805614 -76.47756192381615,36.514416059905415 -76.49521241347296,36.491451299525366 
-76.27904877549776,36.853561369045494 -76.37117522464472,36.94259558333252 -76.35836384282798,36.95643965644537 -76.35318042624135,36.962040894409085 -76.29771420220423,36.980851475138536 -76.23954886988216,36.875517107647454 -76.23606588269479,36.86920960044831 -76.23880734352106,36.86821155190867 -76.2746219012568,36.85517300446592 -76.27904877549776,36.853561369045494 
-76.51440547200022,36.64666684020876 -76.53611547325015,36.70218322806585 -76.5965357267741,36.85668871106635 -76.6150583534928,36.904054407512405 -76.47448509263178,36.95079932137447 -76.43527040985062,36.942229968697184 -76.39816794965951,36.934122187528914 -76.38986404272241,36.932307583862716 -76.38632255468474,36.841951963452246 -76.40686882216526,36.81062553475102 -76.50526115344103,36.66060897561789 -76.51440547200022,36.64666684020876 
-76.4409341344703,37.05294813754629 -76.4899670740705,37.11403015479033 -76.48500135843636,37.13413111940417 -76.48353176190147,37.14007997151751 -76.47240017022223,37.185140089117006 -76.46240200851011,37.225612139791174 -76.37473915903502,37.29076691685983 -76.35908747796343,37.27840363115958 -76.28864315826118,37.2227595603115 -76.2741568524538,37.21131680623168 -76.38706632918922,37.06538681223352 -76.39047389747617,37.06098269635202 -76.42017652130797,37.05625327984355 -76.4409341344703,37.05294813754629 
-76.16106859839094,36.717605861688156 -76.16672999477629,36.72096239723926 -76.24638099964284,36.76818598154934 -76.21138295676937,36.83828813066691 -76.21037304008262,36.84031102464492 -76.1772479495198,36.83140830479617 -76.17465397258209,36.82696560198541 -76.15125798447389,36.786895306595085 -76.15015534925648,36.78500682389177 -76.14986432932693,36.78450839422563 -76.16106859839094,36.717605861688156 
-76.14986432932693,36.78450839422563 -76.15505592947513,36.79340004481651 -76.1772479495198,36.83140830479617 -76.17700532258061,36.831591748181104 -76.12852539613836,36.868246053088555 -76.11936346181375,36.875173133200285 -76.11820760578752,36.873272172630806 -76.08525036261962,36.81906955714994 -76.14986432932693,36.78450839422563 
-75.98964723921408,36.37799447532586 -76.05042666933599,36.49840762935246 -76.16106859839094,36.717605861688156 -76.15224402790935,36.77029882277304 -76.14986432932693,36.78450839422563 -76.14021819113981,36.78966798696486 -76.09367886907198,36.814561259647824 -76.08525036261962,36.81906955714994 -76.07244572720359,36.81343329905337 -76.06618873400613,36.81067913796846 -75.98964723921408,36.37799447532586 
-77.42465235758249,17.913291457705125 -77.5026487518769,21.597680442419264 -77.51998523627536,22.41662025020416 -77.48568987576644,22.88765284806192 -76.49521241347296,36.491451299525366 -76.47983883523514,36.511453608089056 -76.31627628304948,36.72426214151384 -76.28552710870908,36.764269384051694 -76.27907855994401,36.76491456617986 -76.24638099964284,36.76818598154934 -76.16106859839094,36.717605861688156 -76.12007095193593,36.63638338382989 -75.98964723921408,36.37799447532586 -74.27924710608013,31.745066199980155 -73.53990547679196,29.742425605470018 -77.42311975834592,17.917958253900704 -77.42465235758249,17.913291457705125 
-76.28552710870908,36.764269384051694 -76.29681317495444,36.79457403518039 -76.30159407285988,36.8074114082701 -76.29658211716924,36.81767082311907 -76.28271923607974,36.84604797903935 -76.27904877549776,36.853561369045494 -76.23606588269479,36.86920960044831 -76.22924379325713,36.86800146514173 -76.22829745690588,36.867833876843704 -76.22629758384032,36.864763081774484 -76.21056811413747,36.840610559878485 -76.21037304008262,36.84031102464492 -76.23538050993413,36.790220298517106 -76.24638099964284,36.76818598154934 -76.28552710870908,36.764269384051694 
-76.38986404272241,36.932307583862716 -76.4253009186275,36.94005139474872 -76.47448509263178,36.95079932137447 -76.4409341344703,37.05294813754629 -76.41601023857531,37.05691665848803 -76.39047389747617,37.06098269635202 -76.38989263194658,37.05944056425758 -76.38589439407572,37.048833000884144 -76.38001166403279,37.03322576745912 -76.35643552981543,36.97067687820106 -76.35318042624135,36.962040894409085 -76.356001863764,36.958992028337825 -76.3688071866896,36.94515450250717 -76.37117522464472,36.94259558333252 -76.38164879753795,36.93682999067039 -76.38822635164246,36.93320911572482 -76.38986404272241,36.932307583862716 
-76.1772479495198,36.83140830479617 -76.21037304008262,36.84031102464492 -76.22806806061278,36.86748163998533 -76.22829745690588,36.867833876843704 -76.22596961649457,36.87157889843835 -76.22383753755157,36.87500897966049 -76.21804100642704,36.884334418865805 -76.10197236872506,37.07106524136618 -76.10173384236579,37.071448981747174 -76.1189534763828,36.87973762414623 -76.11936346181375,36.875173133200285 -76.12052315572979,36.87429632134191 -76.16992116902834,36.836947876858915 -76.1772479495198,36.83140830479617 
-76.75751811627782,37.05789747748199 -76.69749377034593,37.15252892640218 -76.53185336488002,37.204021726507015 -76.46240200851011,37.225612139791174 -76.4701669812745,37.19417992452467 -76.48225371726072,37.145253431294755 -76.4899670740705,37.11403015479033 -76.51585484872264,37.10859885432223 -76.744656885144,37.060595786302116 -76.75751811627782,37.05789747748199 
-77.51998523627536,22.41662025020416 -77.52131518478735,22.4511834534947 -77.52927398258419,22.65801969092817 -77.86319370316619,31.33605126970668 -77.8726806351011,31.582601233193387 -77.86058531553239,31.709808598945422 -77.53133781758343,35.172528757481366 -77.49411124158215,35.56404339603119 -77.44106945862157,35.708701607226345 -76.9830080344786,36.9579497006261 -76.9651288025897,37.00671083869933 -76.81301543426792,37.022381620571686 -76.78837126987908,37.024920472539954 -76.77703943459625,37.0170178051062 -76.7598446099941,37.00502636885417 -76.6150583534928,36.904054407512405 -76.61174732917189,36.89558752129312 -76.53662231379683,36.70347931073521 -76.51440547200022,36.64666684020876 -76.49562704695074,36.49480446803413 -76.49521241347296,36.491451299525366 -76.68427538534799,33.89474954513395 -77.51998523627536,22.41662025020416 
-76.69749377034593,37.15252892640218 -76.70059785606867,37.16779346503168 -76.73454161140293,37.334714037081305 -76.79147335153333,37.61467948394375 -76.59595677104424,37.71310206640141 -76.57249499596371,37.668310278816556 -76.54931975411098,37.62406552296446 -76.4109828207319,37.35996110146235 -76.38512418997772,37.31059338346142 -76.37473915903502,37.29076691685983 -76.38131687026159,37.2858780806977 -76.43078168463374,37.24911371617546 -76.46240200851011,37.225612139791174 -76.46919933014155,37.22349904955192 -76.68806345215582,37.155460538940325 -76.69749377034593,37.15252892640218 
-75.70751521024094,37.088126180676525 -76.08361488910268,37.11582140132752 -76.0884159546266,37.11617494209482 -76.11169101407343,37.12360330159995 -76.22255516683052,37.1834576283513 -76.2741568524538,37.21131680623168 -76.37473915903502,37.29076691685983 -76.37498881662746,37.29124354788248 -76.39062823378221,37.32110136762296 -76.59595677104424,37.71310206640141 -76.3235992564133,38.38244349461649 -76.23892312652376,38.59054218355038 -76.2273646741806,38.61894804931033 -76.22495931163714,38.624859429440214 -76.07036896510111,38.76634078116739 -75.92143703571466,38.90264353976184 -74.196029088596,40.48173986827851 -72.82122630121269,41.71392304198036 -72.6632105603215,41.855546508919005 -72.61892527283109,41.89523771887944 -70.66856924979966,38.10136312520615 -70.59620433381578,37.960597330149994 -70.92184126620715,37.23181934520505 -70.98099346537951,37.099436263834896 -70.98468307889355,37.091178880121575 -71.2134358630338,37.09103102106628 -75.70751521024094,37.088126180676525 
-76.6150583534928,36.904054407512405 -76.77811116640022,37.01776521625484 -76.78837126987908,37.024920472539954 -76.75751811627782,37.05789747748199 -76.7370549369506,37.06219068834898 -76.639584708835,37.08264011294043 -76.54152613933796,37.103212972584274 -76.50988560003105,37.10985121315371 -76.4899670740705,37.11403015479033 -76.4409341344703,37.05294813754629 -76.44842359265807,37.03014582936874 -76.47448509263178,36.95079932137447 -76.6017634141709,36.90847538195375 -76.6150583534928,36.904054407512405 
-78.21514192515382,37.855313740398294 -78.21616562039634,37.85541407942718 -78.2680746167577,37.86050201777929 -78.35826631960732,37.869342293186975 -78.62690514242367,38.28331059230231 -78.63098133642436,38.28959194463865 -78.62956528643704,38.29142226760124 -78.60724697319822,38.320269922396804 -78.47302267021257,38.363289530594486 -78.36611817948929,38.39755299259942 -78.3524168554355,38.40194434036188 -78.28061902368555,38.3363525276075 -78.24728901531151,38.30590347900689 -78.2354237884968,38.13959450912064 -78.21514192515382,37.855313740398294 
-78.1359992772294,37.794380183441746 -78.20610650248125,37.84835718212681 -78.21514192515382,37.855313740398294 -78.21658022253304,37.875473637824896 -78.24610214364307,38.28926769044189 -78.24728901531151,38.30590347900689 -78.01096200830793,38.338662213152055 -77.79125904612908,38.3691165866076 -77.74579404833219,38.3754187684641 -77.72260086404394,38.29981514398377 -77.6749667245789,38.144540493129334 -77.64193502727238,38.03686592770211 -77.74437949583545,37.89714427931139 -77.76036844206669,37.87533732423812 -77.85161589233331,37.85567138633569 -78.1359992772294,37.794380183441746 
-77.52982821297108,38.85859746603132 -77.5310215242802,38.85873539365522 -77.60426056577337,38.86720065070336 -77.68253387828997,38.94461172158947 -77.65947578822401,38.96417353075962 -77.62253039537948,38.99551692140792 -77.56848096637786,39.04137087604427 -77.4861096070628,39.023936512410096 -77.46605566101398,39.019691981415065 -77.45912512343324,39.00705770273071 -77.45887902227285,38.999752385810886 -77.4587168627432,38.99493880933749 -77.45636432952949,38.925105734741756 -77.45606859244211,38.91632701486492 -77.46216971541179,38.906315235775836 -77.4680688359025,38.90215474029595 -77.50354475709835,38.87713450041234 -77.52982821297108,38.85859746603132 
-77.45606859244211,38.91632701486492 -77.45624928661486,38.92169077745528 -77.45814059039962,38.97783262383354 -77.45912512343324,39.00705770273071 -77.3716152170497,38.99411295143634 -77.36839864310495,38.930957553196826 -77.36783931980396,38.91997559337698 -77.41247461996197,38.91812977291211 -77.44586888772282,38.91674880711544 -77.45606859244211,38.91632701486492 
-77.68253387828997,38.94461172158947 -77.97182270237549,38.967909440737145 -77.9761047491104,38.96825429305739 -78.00381863102976,39.08099395942804 -77.99649460087028,39.136479089314115 -77.74534491155288,41.03913006550928 -76.15810290745016,53.06370217137948 -76.13231506403243,53.259064807845654 -74.65756805159394,48.20919851058424 -74.57573780459076,47.92899329372153 -74.56877056029374,47.9051358782709 -76.86905564668814,41.108084268698015 -77.56848096637786,39.04137087604427 -77.5863550661801,39.026207012583775 -77.67446681293667,38.951455583876104 -77.68253387828997,38.94461172158947 
-77.46605566101398,39.019691981415065 -77.47660566698086,39.02192494979022 -77.56848096637786,39.04137087604427 -74.72193321870188,47.45255958674206 -74.56877056029374,47.9051358782709 -74.32177735130604,47.089159768760666 -74.52718532915785,46.56200126137873 -77.22901746172818,39.62802620793739 -77.46605566101398,39.019691981415065 
-77.69801745591863,38.54593570501761 -77.73147542366989,38.58811404885682 -77.77801513355531,38.64678371762805 -77.99610867060055,38.92172044609264 -77.98671187955915,38.943579601883464 -77.9761047491104,38.96825429305739 -77.80210396517882,38.95424123393446 -77.68253387828997,38.94461172158947 -77.62108240618196,38.883837185410236 -77.60426056577337,38.86720065070336 -77.61632352051461,38.67734484433816 -77.62183459618035,38.59060741251468 -77.69801745591863,38.54593570501761 
-77.3716152170497,38.99411295143634 -77.38711664688714,38.99640597358943 -77.45912512343324,39.00705770273071 -77.46605566101398,39.019691981415065 -77.4576613871336,39.04123502436606 -77.34205052190048,39.337938452299106 -75.2601861875765,44.68082973885684 -74.32177735130604,47.089159768760666 -74.31125528134167,47.05523882395801 -73.95776597975062,45.915663519078834 -73.92146866965741,45.79864861076454 -73.92096293103819,45.79701821561934 -74.55872099228641,44.48450687537833 -76.53659677489729,40.414022232371316 -76.65555751110396,40.18275267483284 -77.04129373514665,39.43284939829352 -77.18772016010857,39.14818425925093 -77.19070272777275,39.14238589984247 -77.20079346646241,39.13411569371633 -77.3716152170497,38.99411295143634 
-76.9991602408761,37.07095019659792 -77.0546560358948,37.09171008307495 -77.36928349756812,37.20940603435731 -77.39090985045804,37.217496028036216 -77.38608048680233,37.39000512239881 -77.38606640116309,37.39050827375383 -77.36647070403122,37.41549384502535 -77.36581731559845,37.41574900505825 -77.36179389414556,37.41732022410469 -77.32793433601155,37.430542995635626 -77.01772539901805,37.392150532918514 -77.01626506743321,37.36688497942311 -77.00285173694931,37.13481767196107 -76.9991602408761,37.07095019659792 
-77.49411124158215,35.56404339603119 -77.5588037219623,35.95887381158285 -77.73967792091517,37.062783179649685 -77.7486347777151,37.1174485669029 -77.74896357019568,37.11945524945671 -77.65856815402528,37.17100644251236 -77.61567082112923,37.19547016847748 -77.61198848466965,37.19583102572714 -77.39090985045804,37.217496028036216 -77.14738102329405,37.126396678903426 -76.9991602408761,37.07095019659792 -76.9651288025897,37.00671083869933 -77.01525837941035,36.86999494217231 -77.49411124158215,35.56404339603119 
-77.61567082112923,37.19547016847748 -77.6139394989031,37.19872239299734 -77.53696986831415,37.343306986267756 -77.53676673987391,37.3436885555008 -77.45296369618204,37.36972456131184 -77.38726643338066,37.39013544665337 -77.38606640116309,37.39050827375383 -77.3887803212778,37.293564673201494 -77.39090985045804,37.217496028036216 -77.55992409782915,37.20093316988115 -77.61567082112923,37.19547016847748 
-77.36647070403122,37.41549384502535 -77.40154494128106,37.44393240923513 -77.42106462628645,37.459759177225166 -77.42879249588478,37.48761483966059 -77.43866084288572,37.52318600702522 -77.44345943112282,37.54048286386247 -77.44798947287691,37.556811725564266 -77.4453768969321,37.55777194372952 -77.41521768809112,37.56885656702488 -77.41157202459246,37.57019648302723 -77.36498175628734,37.587320127619996 -77.34578802152402,37.506096153970525 -77.32793433601155,37.430542995635626 -77.33283709522127,37.42862837924741 -77.36096603081037,37.41764351975127 -77.36647070403122,37.41549384502535 
-77.01772539901805,37.392150532918514 -77.209493318182,37.41588435167369 -77.32793433601155,37.430542995635626 -77.34680057300962,37.51038106548974 -77.35810207857351,37.55820673367996 -77.36498175628734,37.587320127619996 -77.35715930260935,37.61506347829661 -77.33507803129612,37.693377582623235 -77.3153605606849,37.712374261876086 -77.23672389781285,37.78813628488345 -77.23215587316675,37.792537320935786 -77.02399301589925,37.6602813583685 -76.91165582110499,37.58890808830172 -76.97550410468351,37.47047043219432 -77.01772539901805,37.392150532918514 
-77.3479877086605,38.90571002583293 -77.34907691451288,38.90649274011965 -77.36233989688199,38.91602365272189 -77.36783931980396,38.91997559337698 -77.37022764521893,38.966868854747126 -77.37082680965207,38.978633070038335 -77.3716152170497,38.99411295143634 -77.3261108576486,39.03140758797968 -77.19070272777275,39.14238589984247 -77.22609230728318,39.02030689675054 -77.23586214577706,39.008061949681846 -77.31214891697856,38.91244854972773 -77.31300757188353,38.91137236163433 -77.3479877086605,38.90571002583293 
-77.25978702504469,38.84478279926324 -77.2600288656112,38.84485163868891 -77.26699644361162,38.85360021634166 -77.31300757188353,38.91137236163433 -77.22609230728318,39.02030689675054 -77.22579051440505,39.017728934896176 -77.22335014664418,38.99688293270728 -77.21834550090117,38.954132467885245 -77.21611000229697,38.93503648999875 -77.24117032722866,38.876381900683825 -77.24698500707213,38.86277243396119 -77.25288136078241,38.848971806623965 -77.25665482792274,38.84668280428821 -77.25961817728992,38.8448852230795 -77.25978702504469,38.84478279926324 
-77.17093764180025,38.84373965536555 -77.24464815127749,38.8484461116957 -77.25288136078241,38.848971806623965 -77.22242874506235,38.92024724592872 -77.21611000229697,38.93503648999875 -77.16061812814927,38.87174273886106 -77.16642072053263,38.8559967953508 -77.17093764180025,38.84373965536555 
-77.48230296068054,37.648914838494676 -77.48386518879362,37.64952588073781 -77.52212215481495,37.664489522819146 -77.5682054458469,37.68251431528564 -77.74390156726389,37.84883274514223 -77.75285632830352,37.86324605520269 -77.76036844206669,37.87533732423812 -77.72547081752577,37.922933389639894 -77.64193502727238,38.03686592770211 -77.51199883698689,38.06457319482025 -77.48055598780975,38.07127798906727 -77.42573288384986,38.06785918794559 -77.36971016755085,38.06436557829037 -77.36610700373026,38.0572451772393 -77.23427307607591,37.796721236674955 -77.23215587316675,37.792537320935786 -77.26553710491957,37.76037637264902 -77.32018686380528,37.707724388970846 -77.33507803129612,37.693377582623235 -77.355037907377,37.687349589492364 -77.48230296068054,37.648914838494676 
-77.44798947287691,37.556811725564266 -77.4554834157281,37.56010559174444 -77.48880835586255,37.61762749266263 -77.48230296068054,37.648914838494676 -77.4186555749336,37.66813670152257 -77.33507803129612,37.693377582623235 -77.36498175628734,37.587320127619996 -77.39089613277243,37.577795637014624 -77.44798947287691,37.556811725564266 
-77.55543215568935,37.437441956035705 -77.65187003520049,37.48091219960506 -77.6705236850076,37.48932050041676 -77.6674609980698,37.49958315388757 -77.64648438558028,37.569872971078524 -77.589049975362,37.57682959567601 -77.5853386568928,37.57727912147864 -77.5838401092653,37.57663767168016 -77.52959881466015,37.498209805972756 -77.52907646657641,37.492663566240594 -77.52806264247405,37.4818988832772 -77.52778729705005,37.47897529309231 -77.53037901798412,37.47508151955141 -77.55365761902974,37.44010800074818 -77.55543215568935,37.437441956035705 
-77.64648438558028,37.569872971078524 -77.64707310483863,37.57155880296625 -77.67041404750162,37.638396951834586 -77.7404007967372,37.838808084827726 -77.74390156726389,37.84883274514223 -77.65022399813078,37.76015516885116 -77.5682054458469,37.68251431528564 -77.58144617097189,37.60118745420039 -77.58485704738932,37.58023725170316 -77.5853386568928,37.57727912147864 -77.58725329810707,37.577047214506564 -77.60264654380605,37.575182739338146 -77.63657591013707,37.57107311475075 -77.64648438558028,37.569872971078524 
-77.74896357019568,37.11945524945671 -77.75090354628331,37.12120558418601 -77.89672627006058,37.252773483077235 -77.8619324994256,37.289158401772006 -77.81024553490754,37.343209054151686 -77.6739601265333,37.48572690756292 -77.6705236850076,37.48932050041676 -77.55543215568935,37.437441956035705 -77.55471755525068,37.433852632239685 -77.53676673987391,37.3436885555008 -77.61567082112923,37.19547016847748 -77.74896357019568,37.11945524945671 
-78.6467912877459,37.84777261963559 -78.64310331209647,38.039420639675434 -78.63840881030056,38.28337343648889 -78.6362059635603,38.28521772710981 -78.63426980517988,38.28683873808454 -78.63098133642436,38.28959194463865 -78.62901943332798,38.286568682106015 -78.5316101974379,38.136462546005546 -78.4269504473717,37.97518347894246 -78.35826631960732,37.869342293186975 -78.6467912877459,37.84777261963559 
-77.53676673987391,37.3436885555008 -77.53734661948889,37.34660119813045 -77.53798477097898,37.34980653107583 -77.55394135500816,37.42995390247382 -77.55543215568935,37.437441956035705 -77.52778729705005,37.47897529309231 -77.52620928490671,37.478691161670476 -77.4537809826228,37.46564997146422 -77.42106462628645,37.459759177225166 -77.3793114933361,37.42590529342123 -77.36713210673142,37.41603011736178 -77.36647070403122,37.41549384502535 -77.38606640116309,37.39050827375383 -77.53676673987391,37.3436885555008 
-77.64193502727238,38.03686592770211 -77.65171643248647,38.06875071236575 -77.68720558783852,38.1844359387243 -77.73633686897243,38.3445908740244 -77.74579404833219,38.3754187684641 -77.73674351790842,38.38877635949359 -77.73039870262009,38.398140611510954 -77.67229842474785,38.37185197802475 -77.592621828025,38.335800707266955 -77.53391166769256,38.30923612025603 -77.52584078434117,38.30558428756082 -77.52212465078402,38.28635678594496 -77.51246453416928,38.236374753554806 -77.49527002295508,38.14740930409739 -77.48055598780975,38.07127798906727 -77.54289060100912,38.057985912588606 -77.64193502727238,38.03686592770211 
-76.9651288025897,37.00671083869933 -76.9991602408761,37.07095019659792 -77.00107954528053,37.10415655096841 -77.01139750201646,37.28267004104382 -77.0151905074443,37.34829375454914 -77.01772539901805,37.392150532918514 -76.98824770506046,37.4468312351099 -76.91165582110499,37.58890808830172 -76.86323655739724,37.599290900421956 -76.79147335153333,37.61467948394375 -76.77191362943107,37.51849330859903 -76.72061783806144,37.26624299761142 -76.70847207562048,37.20651543963615 -76.69749377034593,37.15252892640218 -76.72512989917111,37.1089591569583 -76.73284242226248,37.096799970154414 -76.74956313969169,37.070438904611 -76.75751811627782,37.05789747748199 -76.78837126987908,37.024920472539954 -76.79270934525397,37.02447356222763 -76.85794082088839,37.017753388733624 -76.92401497032888,37.010946402636954 -76.957628690916,37.007483503293855 -76.9651288025897,37.00671083869933 
-77.5838401092653,37.57663767168016 -77.5845146913558,37.57692642496239 -77.5853386568928,37.57727912147864 -77.57416287377343,37.64592274580344 -77.5682054458469,37.68251431528564 -77.54295547755655,37.67263816651182 -77.48230296068054,37.648914838494676 -77.4884104985101,37.61954096605342 -77.48880835586255,37.61762749266263 -77.4951951661411,37.614872684921075 -77.54060992685369,37.59528404380991 -77.57896315383829,37.578741237306744 -77.5838401092653,37.57663767168016 
-77.89672627006058,37.252773483077235 -78.05303833854514,37.3174282528764 -78.05808184374251,37.34642394143605 -78.06720302410942,37.39886265119542 -78.12575174791614,37.7354659646901 -78.1359992772294,37.794380183441746 -77.89447213545579,37.846434873824776 -77.76232160827982,37.87491637170358 -77.76036844206669,37.87533732423812 -77.75218163368682,37.862160087340065 -77.74526364599748,37.85102510549972 -77.74390156726389,37.84883274514223 -77.73957639819093,37.8364473715713 -77.65588034490284,37.59677884789036 -77.64799919019362,37.57421070232249 -77.64648438558028,37.569872971078524 -77.66986209360573,37.49153740453868 -77.6705236850076,37.48932050041676 -77.79670471212424,37.35736911001912 -77.88601236545001,37.26397734345352 -77.89672627006058,37.252773483077235 
-77.52959881466015,37.498209805972756 -77.58284473505555,37.575198453176625 -77.5838401092653,37.57663767168016 -77.58029954138922,37.57816481643147 -77.56604512850377,37.58431313856027 -77.48880835586255,37.61762749266263 -77.4568915273606,37.56253612147623 -77.4554834157281,37.56010559174444 -77.45865748404725,37.55745484094854 -77.47897773079247,37.54048485013026 -77.52959881466015,37.498209805972756 
-77.42106462628645,37.459759177225166 -77.4586693870372,37.466530160696365 -77.49568936339008,37.473195849906595 -77.52778729705005,37.47897529309231 -77.52881626264494,37.4899007469096 -77.52959881466015,37.498209805972756 -77.50577100899638,37.51810905465826 -77.4554834157281,37.56010559174444 -77.4508650122175,37.55807563189126 -77.44798947287691,37.556811725564266 -77.44648395102314,37.55138496363277 -77.438978042221,37.52432937487013 -77.42897123320081,37.488259111186785 -77.42106462628645,37.459759177225166 
-77.50246293065386,38.58470768668065 -77.53164276004854,38.59930702539913 -77.5385789640679,38.60277736754985 -77.50470524537023,38.656910835503886 -77.38507181376293,38.75922043748533 -77.37560979193874,38.767312286676365 -77.37002968749553,38.76363015735927 -77.32791006689676,38.73583679051273 -77.33133128822962,38.71366428856251 -77.34157707048085,38.64726267205055 -77.34501894795052,38.62495630029503 -77.34669074997382,38.61412156321858 -77.46248506059683,38.59225655791666 -77.50246293065386,38.58470768668065 
-77.52584078434117,38.30558428756082 -77.65034064302868,38.36191674024405 -77.71753023392401,38.39231801531229 -77.73039870262009,38.398140611510954 -77.71628595680554,38.462554270643 -77.69899527305714,38.54147273369506 -77.69801745591863,38.54593570501761 -77.62183459618035,38.59060741251468 -77.60781384504833,38.59265690642286 -77.5385789640679,38.60277736754985 -77.50246293065386,38.58470768668065 -77.48042944567015,38.55145452530195 -77.3526822335696,38.358657123402025 -77.35870958745718,38.3568097484846 -77.49598644232381,38.31473459856755 -77.52584078434117,38.30558428756082 
-77.2569110088266,38.32121277700951 -77.32880256626363,38.349320722653864 -77.3526822335696,38.358657123402025 -77.49932271993904,38.57996844848295 -77.50246293065386,38.58470768668065 -77.49925062140774,38.585314254985434 -77.48365999986054,38.58825817356793 -77.35269691489353,38.6129874416274 -77.34669074997382,38.61412156321858 -77.33723886528172,38.611374163940745 -77.26804626324271,38.59126180422974 -77.08538861950001,38.467155388287125 -77.09871485835617,38.45581654147643 -77.2569110088266,38.32121277700951 
-77.50470524537023,38.656910835503886 -77.49302307117182,38.80570327875397 -77.4367695909322,38.79093554297444 -77.37779180381625,38.77545261865971 -77.3773465197993,38.77533572212849 -77.37731094642994,38.77517137822676 -77.37606634765001,38.76942150906112 -77.37560979193874,38.767312286676365 -77.38003348514466,38.76352917784879 -77.40333324025144,38.74360340426516 -77.47550652161377,38.68188136226846 -77.50470524537023,38.656910835503886 
-77.62183459618035,38.59060741251468 -77.62120695868472,38.60048564097491 -77.60886838175372,38.794679395563406 -77.60426056577337,38.86720065070336 -77.5972449055306,38.86638975304405 -77.5961311973146,38.86626102625936 -77.52982821297108,38.85859746603132 -77.49907855365981,38.81440586239084 -77.49302307117182,38.80570327875397 -77.50253508738368,38.68455150440441 -77.50470524537023,38.656910835503886 -77.50922967537092,38.649680360201216 -77.53402688447115,38.610052029572465 -77.5385789640679,38.60277736754985 -77.54228299355898,38.60223592823563 -77.54975306859518,38.60114398436357 -77.62183459618035,38.59060741251468 
-78.24728901531151,38.30590347900689 -78.3524168554355,38.40194434036188 -78.32601467356439,38.52972774877865 -78.27138636574065,38.79412223722789 -77.99610867060055,38.92172044609264 -77.96437448156071,38.881715161051666 -77.76425241608402,38.629433930157944 -77.69801745591863,38.54593570501761 -77.70336392595631,38.521533246198324 -77.73039870262009,38.398140611510954 -77.74579404833219,38.3754187684641 -78.21415210121933,38.31049678966106 -78.24728901531151,38.30590347900689 
-77.3773465197993,38.77533572212849 -77.38714658936897,38.777908448960844 -77.42850700126134,38.78876643733698 -77.49302307117182,38.80570327875397 -77.50512808762954,38.82309989716675 -77.52982821297108,38.85859746603132 -77.51318967417897,38.87033219251223 -77.46216971541179,38.906315235775836 -77.45059710351539,38.892812123283385 -77.38139292340288,38.81206355611693 -77.37604277479,38.80582091537014 -77.37372357289257,38.78868950368007 -77.37414911190231,38.78712101396049 -77.37704806698638,38.776435786184024 -77.3773465197993,38.77533572212849 
-77.30553953980194,38.73192891047448 -77.32791006689676,38.73583679051273 -77.33455815131794,38.74022364505979 -77.37560979193874,38.767312286676365 -77.37611213256262,38.769633028838804 -77.3773465197993,38.77533572212849 -77.37372357289257,38.78868950368007 -77.36819847228492,38.79141875514379 -77.35326884632597,38.798793589811005 -77.26020258813674,38.84476582442221 -77.2600288656112,38.84485163868891 -77.25981386097206,38.84479043805542 -77.25978702504469,38.84478279926324 -77.25969943683604,38.844431229123295 -77.24836830643359,38.7989492268863 -77.28795442778515,38.744396114765024 -77.29482195023733,38.73493207258212 -77.30185118885265,38.73296241859156 -77.30553953980194,38.73192891047448 
-77.37604277479,38.80582091537014 -77.37736961619512,38.80736909558333 -77.37981272463426,38.81021975439573 -77.41030968432116,38.8458041048446 -77.46216971541179,38.906315235775836 -77.45606859244211,38.91632701486492 -77.43408888321733,38.91723595010128 -77.36783931980396,38.91997559337698 -77.3479877086605,38.90571002583293 -77.37310613587455,38.816276718527384 -77.37604277479,38.80582091537014 
-77.37372357289257,38.78868950368007 -77.37604277479,38.80582091537014 -77.3755867176742,38.8074446912475 -77.36594409004783,38.84177693953647 -77.34860232313548,38.90352171186142 -77.3479877086605,38.90571002583293 -77.31300757188353,38.91137236163433 -77.31156761232796,38.909564330495265 -77.27504155421602,38.863701757342504 -77.26284521970459,38.84838788793969 -77.26019961442195,38.84506603302075 -77.2600288656112,38.84485163868891 -77.26108618778613,38.84432934990206 -77.27369041227252,38.8381032011726 -77.33903860499136,38.805822947238035 -77.37372357289257,38.78868950368007 
-77.09445450813793,38.58113008151168 -77.19163136786938,38.71036423904791 -77.18870999385565,38.754225231868894 -77.18841140477797,38.75870819547824 -77.18732335414595,38.775043995254514 -77.16482152733664,38.796325064648165 -77.14891399595024,38.792611437865155 -77.12026796162777,38.785923996696376 -77.11181128089783,38.78394977736018 -77.09528025764737,38.590779240757506 -77.09445450813793,38.58113008151168 
-77.04620432874566,38.486143598262046 -77.09445450813793,38.58113008151168 -77.11067692736692,38.77069447689005 -77.11151065397193,38.780436851166 -77.11181128089783,38.78394977736018 -77.09469543430214,38.798734812203215 -76.79411455607335,38.71176662329197 -76.59885403216487,38.65527116612834 -76.4394274218212,38.60914366910474 -76.40732305009344,38.59985479124348 -76.99401287180687,38.495432887258694 -77.04620432874566,38.486143598262046 
-77.36971016755085,38.06436557829037 -77.477950108799,38.07111548491407 -77.48055598780975,38.07127798906727 -77.48194182713821,38.07844840625423 -77.48396687216284,38.08892611268873 -77.49991754230719,38.17145585260755 -77.52584078434117,38.30558428756082 -77.51920922733144,38.307616849828065 -77.36107498699135,38.356084757078655 -77.3526822335696,38.358657123402025 -77.35078617923433,38.35791580976112 -77.29192707091627,38.334903252010804 -77.2569110088266,38.32121277700951 -77.34450774189507,38.121752286700456 -77.36971016755085,38.06436557829037 
-78.00381863102976,39.08099395942804 -78.27411963882275,39.1577867159404 -78.41551279699227,39.19795663782297 -78.74083448707631,39.2903808190674 -79.41514095854978,39.812029945259006 -79.92832437172326,40.20903292592595 -82.3690622751222,42.52653025421375 -82.53843976606395,42.687355340013816 -82.79900412459197,43.18578389268476 -83.88822202707378,45.2693278806047 -79.51860720873472,64.96498585458669 -79.46934623365998,65.18702540655474 -79.43387185,65.3469230992466 -76.13231506403243,53.259064807845654 -76.32921963989925,51.767362052773365 -76.77053735518447,48.42404283911319 -77.83962961738995,40.32485130972515 -77.95386968364673,39.459395436875674 -77.98844983269802,39.19742436086824 -78.00381863102976,39.08099395942804 
-77.19163136786938,38.71036423904791 -77.29482195023733,38.73493207258212 -77.2535409053472,38.791820936494176 -77.24836830643359,38.7989492268863 -77.18732335414595,38.775043995254514 -77.1899717766632,38.735281047932205 -77.19162398202897,38.710475128749614 -77.19163136786938,38.71036423904791 
-77.11181128089783,38.78394977736018 -77.11375529111535,38.78440360820513 -77.12503759413104,38.78703747147627 -77.16482152733664,38.796325064648165 -77.16373990553653,38.81051787189473 -77.16254137182065,38.8262447720055 -77.16253241970168,38.82636223977384 -77.13671514758255,38.82940683784029 -77.11282610883016,38.83222404179813 -77.11082768401339,38.83018043510362 -77.10850069009555,38.827800830772915 -77.10151738756583,38.82065964453473 -77.09751729716875,38.81656911711255 -77.0967962010242,38.81201175585206 -77.09469543430214,38.798734812203215 -77.11181128089783,38.78394977736018 
-77.08538861950001,38.467155388287125 -77.1677624314451,38.523124130457234 -77.26804626324271,38.59126180422974 -77.27141068613022,38.60388443087647 -77.2904001188829,38.67512889921009 -77.30553953980194,38.73192891047448 -77.29482195023733,38.73493207258212 -77.2659957262544,38.728069063807666 -77.19163136786938,38.71036423904791 -77.19146813930669,38.710147163647015 -77.09663088394514,38.58402441350291 -77.09445450813793,38.58113008151168 -77.06697349694088,38.527030290741386 -77.04620432874566,38.486143598262046 -77.07299728424336,38.47316007208242 -77.08538861950001,38.467155388287125 
-77.18732335414595,38.775043995254514 -77.1986353619607,38.77947378276188 -77.21712032350135,38.78671250227553 -77.24836830643359,38.7989492268863 -77.25158315679558,38.81185330848821 -77.2532675513601,38.8186142965477 -77.25978702504469,38.84478279926324 -77.25978405330643,38.8447846019332 -77.25288136078241,38.848971806623965 -77.17093764180025,38.84373965536555 -77.167741326124,38.83713141762751 -77.16253241970168,38.82636223977384 -77.16482152733664,38.796325064648165 -77.1664734442699,38.794762766653996 -77.18732335414595,38.775043995254514 
-77.26804626324271,38.59126180422974 -77.27561950883414,38.59346313551409 -77.34669074997382,38.61412156321858 -77.33350387944196,38.69958400020763 -77.33173397513714,38.71105452573998 -77.32791006689676,38.73583679051273 -77.31381891799896,38.73337522493315 -77.30553953980194,38.73192891047448 -77.30373301072152,38.725151182801405 -77.30169561223776,38.71750728034002 -77.2897164349583,38.672563856938936 -77.26804626324271,38.59126180422974 
-76.91165582110499,37.58890808830172 -77.05389247225672,37.67927793361109 -77.15152906893746,37.74131120047393 -77.23215587316675,37.792537320935786 -77.2988690416591,37.92437271302643 -77.36971016755085,38.06436557829037 -77.3474658268969,38.11501663499099 -77.28794671068368,38.25054351695094 -77.26225189385036,38.30905141541296 -77.2569110088266,38.32121277700951 -77.17155990295204,38.393835151940685 -77.10976948838619,38.44641052993694 -77.08618894151532,38.46647442129946 -77.08538861950001,38.467155388287125 -77.08176881865965,38.46890949783207 -77.05365540829833,38.48253289967948 -77.04620432874566,38.486143598262046 -77.03701138123559,38.48777980370947 -76.62939150758241,38.560329968606815 -76.40732305009344,38.59985479124348 -76.35914934910458,38.60646008445594 -76.22495931163714,38.624859429440214 -76.58957941546139,37.72877495246017 -76.59595677104424,37.71310206640141 -76.79147335153333,37.61467948394375 -76.79164846879101,37.614641932575836 -76.83893423247937,37.60450218317152 -76.89556315112279,37.59235892906515 -76.91165582110499,37.58890808830172 
-76.40732305009344,38.59985479124348 -77.06236493141331,38.78938050696796 -77.09135456184097,38.7977681850876 -77.09469543430214,38.798734812203215 -77.09512974991712,38.80147970714338 -77.09751729716875,38.81656911711255 -77.09686109708026,38.81722663753262 -77.02705445391608,38.887173737726485 -76.9169268192899,38.949202781465864 -74.196029088596,40.48173986827851 -76.22495931163714,38.624859429440214 -76.40557145447099,38.60009495968473 -76.40732305009344,38.59985479124348 
-77.16253241970168,38.82636223977384 -77.16832661676916,38.838341479498986 -77.17093764180025,38.84373965536555 -77.16061812814927,38.87174273886106 -77.15450393838906,38.87476848293025 -77.12960262411568,38.887091457344276 -77.12687315089903,38.884273823420386 -77.11077027395297,38.86765083108663 -77.1111214608902,38.86159906799781 -77.11282610883016,38.83222404179813 -77.14090844993082,38.82891232702742 -77.16089348029493,38.82655551781367 -77.16253241970168,38.82636223977384 
-77.09751729716875,38.81656911711255 -77.09897822432818,38.81806307400207 -77.11282610883016,38.83222404179813 -77.11077027395297,38.86765083108663 -77.10247942215322,38.86958429510311 -77.06104713991073,38.87924649010687 -77.02705445391608,38.887173737726485 -77.02975077867248,38.88447198773046 -77.09549382754463,38.818596658133316 -77.09751729716875,38.81656911711255 
